auto_cycle: 0
bass_debounce: 0.3
bass_lower_bound: 30
bass_threshold: 0.6
bass_upper_bound: 300
brightness: 0.30000000000000004
current_step: 1548
fade: 0.03999999999999997
fade_out_threshold: 60
length_mid_strobe: 30
mid_debounce: 0.49999999999999994
mid_lower_bound: 500
mid_threshold: 0.20000000000000004
mid_upper_bound: 3000
state: 5
steps_per_transition: 560
time_per_mode: 60
trigger_style: max
