auto_cycle: 1
bass_debounce: 0.3
bass_lower_bound: 30
bass_threshold: 0.30000000000000004
bass_upper_bound: 300
brightness: 0.30000000000000016
current_step: 593
fade: 0.08
fade_out_threshold: 60
length_mid_strobe: 30
mid_debounce: 0.49999999999999994
mid_lower_bound: 500
mid_threshold: 0.10000000000000003
mid_upper_bound: 3000
state: 1
steps_per_transition: 1550
time_per_mode: 50
trigger_style: max
