auto_cycle: 0
bass_lower_bound: 0
bass_threshold: 0.6000000000000001
bass_upper_bound: 240
brightness: 0.40000000000000013
current_step: 6410
fade: 0.06
fade_out_threshold: 60
length_mid_strobe: 30
mid_debounce: 0.49999999999999994
bass_debounce: 0.3
mid_lower_bound: 500
mid_threshold: 0.20000000000000004
mid_upper_bound: 3000
state: 4
steps_per_transition: 2160
time_per_mode: 60
trigger_style: max
